206
992
535
464
192
904
437
139
797
493
705
926
793
229
847
528
799
607
119
655
780
732
862
345
183
386
124
102
738
449
629
853
536
763
302
363
815
250
315
663
768
490
403
632
438
749
911
815
331
469
950
776
613
959
896
450
368
829
508
106
530
313
231
531
640
118
185
627
257
397
164
213
501
592
104
147
111
215
243
578
782
349
510
328
729
910
363
840
812
190
598
953
134
187
913
279
272
672
964
310
574
857
990
614
365
966
342
805
930
861
578
339
580
368
228
255
878
902
445
465
177
642
793
439
111
792
995
799
573
958
953
395
484
712
620
194
329
810
351
226
515
915
354
432
193
277
272
991
122
512
469
411
284
183
984
210
569
120
861
893
127
306
569
405
800
488
940
219
211
158
269
801
424
169
377
978
685
303
900
545
678
826
526
486
804
623
889
821
437
456
503
438
337
507
639
393
848
425
145
348
643
321
566
578
570
408
425
272
400
278
161
713
935
865
744
186
438
456
732
499
208
860
574
389
126
664
790
767
546
356
922
752
874
887
925
271
698
778
470
124
217
890
345
343
544
272
250
641
189
930
146
279
830
755
756
698
424
977
747
393
860
780
629
672
213
377
447
760
443
105
524
951
299
911
765
408
610
247
975
512
675
785
736
430
832
682
401
168
671
407
433
276
924
333
914
589
155
925
893
868
645
966
933
908
639
361
816
543
962
654
312
435
926
163
948
917
298
171
885
747
469
711
971
417
137
702
139
253
769
431
352
984
262
736
730
593
459
346
412
848
718
825
225
682
168
701
260
227
897
434
613
475
729
945
106
589
689
171
180
278
880
134
401
719
611
705
446
381
117
165
763
684
963
911
513
261
151
878
395
914
906
416
905
132
857
922
918
660
533
587
271
759
684
114
873
159
210
714
639
582
495
212
638
445
484
578
960
945
467
970
696
980
816
983
964
506
443
130
194
443
293
922
509
891
144
286
187
959
791
750
901
542
617
763
225
844
705
181
939
172
789
979
956
409
153
854
694
613
941
131
803
592
350
167
233
664
856
495
300
339
211
172
541
214
450
611
591
730
881
937
995
443
923
729
486
721
359
425
920
113
781
484
324
368
406
470
971
870
350
808
468
921
271
740
226
528
335
975
344
554
724
111
713
361
618
417
116
536
599
224
404
184
410
953
754
516
729
160
926
416
727
826
563
657
743
212
521
156
337
421
672
108
675
685
242
178
684
812
415
894
674
480
850
690
594
112
782
255
356
967
949
436
535
266
613
179
368
365
797
189
969
708
676
345
817
693
982
737
398
931
486
891
115
754
443
361
656
510
997
513
260
800
486
604
632
746
670
900
855
984
545
904
316
474
336
100
365
182
855
498
520
317
701
450
257
993
135
804
289
793
798
184
674
507
248
323
742
239
454
853
352
232
810
404
245
299
139
504
929
361
195
581
763
526
265
462
972
396
625
349
400
893
155
783
440
255
934
670
641
382
681
879
536
279
343
116
496
387
761
680
375
351
146
621
234
146
405
293
227
966
311
817
902
277
299
201
680
397
938
418
513
659
629
384
157
279
931
169
405
671
365
420
438
363
646
382
427
487
551
289
140
688
487
694
213
285
471
631
343
766
114
417
176
881
755
673
830
303
617
338
799
101
660
102
714
962
235
355
679
323
394
625
857
521
548
125
680
103
811
674
579
649
232
791
350
991
700
154
404
348
413
790
985
239
426
208
452
746
928
365
251
107
986
165
961
900
831
788
782
850
222
126
443
456
272
926
760
783
674
250
664
556
298
181
906
170
336
153
314
783
400
226
441
652
188
747
827
175
626
798
510
101
221
189
817
507
940
558
487
619
833
310
266
486
467
997
128
177
439
262
835
467
902
225
480
936
465
844
831
790
232
903
774
192
153
307
280
191
466
710
469
335
309
286
792
204
896
834
509
765
269
226
813
350
266
460
752
322
854
279
365
869
174
686
390
457
229
199
411
521
307
562
780
430
428
878
100
947
514
687
318
977
819
358
268
985
347
727
771
822
765
413
551
254
756
388
110
452
502
465
953
595
379
348
654
857
948
490
343
178
701
356
953
603
627
715
500
277
853
427
363
994
323
342
963
588
187
592
915
249
884
556
441
591
897
254
548
929
344
999
146
479
158
730
369
566
717
388
375
849
531
424
167
578
638
560
830
183
948
505
970
632
638
637
895
555
342
196
478
995
518
928
313
225
223
936
239
158
388
177
645
137
918
797
913
200
881
430
483
512
482
700
426
741
826
667
517
340
988
751
